106.39861	2	0.11045936	2.14E-02	1	3
44.767654	185	0.10071093	2.02E-02	1	8
100.4398	2	2.49E-02	1.4964794	2	3
75.018127	0	2.82E-02	1.77E-02	2	4
91.372536	0	5.46E-02	2.15E-02	2	5
64.29258	125	0		2.27E-02	2	7
45.907963	185	0		1.5490181	2	8
48.635101	0	9.83E-03	8.76E-03	3	1
39.911739	10	2.87E-03	2.61E-02	3	2
78.959961	2	3.11E-03	9.47E-03	3	3
96.360001	0	5.26E-02	1.273582	3	4
63.287769	0	0		1.6951528	3	5
51.207748	21	1.50E-03	1.74E-02	3	6
34.668129	125	0		0.53565788	3	7
39.026154	185	7.46E-03	6.72E-03	3	8
35.62344	0	5.26E-03	0.84119838	4	1
41.09663	10	2.35E-02	2.3702831	4	2
67.285599	2	1.29E-02	8.13E-03	4	3
108.08859	0	0.14102876	6.56E-03	4	4
59.494057	0	3.42E-02	6.63E-03	4	5
48.676888	21	3.92E-03	9.95E-03	4	6
36.595161	125	7.86E-03	3.46E-03	4	7
59.163532	185	7.61E-02	5.52E-03	4	8
